,Región,meses,cosecha,produccion,rendimiento,precio,year
0,Amazonas,Ene,0.5,1.65,3300.0,1.2,2019
1,Áncash,Ene,9.0,78.0,8666.666666666666,1.3692307692307693,2019
2,Apurímac,Ene,0.0,0.0,0.0,0.0,2019
3,Arequipa,Ene,8.0,136.01000000000002,17001.250000000004,0.9265054040144107,2019
4,Ayacucho,Ene,0.0,0.0,0.0,0.0,2019
5,Cajamarca,Ene,0.0,0.0,0.0,0.0,2019
6,Callao,Ene,0.0,0.0,0.0,0.0,2019
7,Cusco,Ene,0.0,0.0,0.0,0.0,2019
8,Huancavelica,Ene,0.0,0.0,0.0,0.0,2019
9,Huánuco,Ene,0.0,0.0,0.0,0.0,2019
10,Ica,Ene,0.0,0.0,0.0,0.0,2019
11,Junín,Ene,5.0,91.0,18200.0,1.2571428571428571,2019
12,La Libertad,Ene,0.5,13.5,27000.0,0.8,2019
13,Lambayeque,Ene,0.0,0.0,0.0,0.0,2019
14,Lima,Ene,0.0,0.0,0.0,0.0,2019
15,Lima Metropolitana,Ene,13.0,196.46,15112.307692307693,0.8717296141708235,2019
16,Loreto,Ene,0.0,0.0,0.0,0.0,2019
17,Madre de Dios,Ene,0.0,0.0,0.0,0.0,2019
18,Moquegua,Ene,0.0,0.0,0.0,0.0,2019
19,Pasco,Ene,0.0,0.0,0.0,0.0,2019
20,Piura,Ene,0.0,0.0,0.0,0.0,2019
21,Puno,Ene,0.0,0.0,0.0,0.0,2019
22,San Martín,Ene,0.0,0.0,0.0,0.0,2019
23,Tacna,Ene,1.0,16.0,16000.0,1.7,2019
24,Tumbes,Ene,0.0,0.0,0.0,0.0,2019
25,Ucayali,Ene,0.0,0.0,0.0,0.0,2019
26,Amazonas,Feb,0.5,1.75,3500.0,1.0,2019
27,Áncash,Feb,9.0,76.0,8444.444444444445,1.6,2019
28,Apurímac,Feb,0.0,0.0,0.0,0.0,2019
29,Arequipa,Feb,9.0,155.549,17283.222222222223,0.820290069367209,2019
30,Ayacucho,Feb,0.0,0.0,0.0,0.0,2019
31,Cajamarca,Feb,0.0,0.0,0.0,0.0,2019
32,Callao,Feb,0.0,0.0,0.0,0.0,2019
33,Cusco,Feb,0.0,0.0,0.0,0.0,2019
34,Huancavelica,Feb,0.0,0.0,0.0,0.0,2019
35,Huánuco,Feb,0.0,0.0,0.0,0.0,2019
36,Ica,Feb,0.0,0.0,0.0,0.0,2019
37,Junín,Feb,8.0,166.7,20837.5,1.5867426514697058,2019
38,La Libertad,Feb,1.0,26.75,26750.0,0.9005607476635514,2019
39,Lambayeque,Feb,0.0,0.0,0.0,0.0,2019
40,Lima,Feb,0.0,0.0,0.0,0.0,2019
41,Lima Metropolitana,Feb,9.0,135.57999999999998,15064.444444444442,0.9163563947484882,2019
42,Loreto,Feb,0.0,0.0,0.0,0.0,2019
43,Madre de Dios,Feb,0.0,0.0,0.0,0.0,2019
44,Moquegua,Feb,0.0,0.0,0.0,0.0,2019
45,Pasco,Feb,0.0,0.0,0.0,0.0,2019
46,Piura,Feb,0.0,0.0,0.0,0.0,2019
47,Puno,Feb,0.0,0.0,0.0,0.0,2019
48,San Martín,Feb,0.0,0.0,0.0,0.0,2019
49,Tacna,Feb,0.0,0.0,0.0,0.0,2019
50,Tumbes,Feb,0.0,0.0,0.0,0.0,2019
51,Ucayali,Feb,0.0,0.0,0.0,0.0,2019
52,Amazonas,Mar,1.5,10.15,6766.666666666667,1.669950738916256,2019
53,Áncash,Mar,8.0,68.0,8500.0,1.5,2019
54,Apurímac,Mar,0.0,0.0,0.0,0.0,2019
55,Arequipa,Mar,10.0,173.59799999999998,17359.8,0.8816023226074033,2019
56,Ayacucho,Mar,0.0,0.0,0.0,0.0,2019
57,Cajamarca,Mar,0.0,0.0,0.0,0.0,2019
58,Callao,Mar,0.0,0.0,0.0,0.0,2019
59,Cusco,Mar,0.0,0.0,0.0,0.0,2019
60,Huancavelica,Mar,0.0,0.0,0.0,0.0,2019
61,Huánuco,Mar,0.0,0.0,0.0,0.0,2019
62,Ica,Mar,0.0,0.0,0.0,0.0,2019
63,Junín,Mar,6.0,129.8,21633.333333333336,1.6614791987673345,2019
64,La Libertad,Mar,1.0,26.7,26700.0,1.404494382022472,2019
65,Lambayeque,Mar,0.0,0.0,0.0,0.0,2019
66,Lima,Mar,0.0,0.0,0.0,0.0,2019
67,Lima Metropolitana,Mar,11.0,166.73999999999998,15158.181818181816,0.949696533525249,2019
68,Loreto,Mar,0.0,0.0,0.0,0.0,2019
69,Madre de Dios,Mar,0.0,0.0,0.0,0.0,2019
70,Moquegua,Mar,0.0,0.0,0.0,0.0,2019
71,Pasco,Mar,0.0,0.0,0.0,0.0,2019
72,Piura,Mar,0.0,0.0,0.0,0.0,2019
73,Puno,Mar,0.0,0.0,0.0,0.0,2019
74,San Martín,Mar,0.0,0.0,0.0,0.0,2019
75,Tacna,Mar,0.0,0.0,0.0,0.0,2019
76,Tumbes,Mar,0.0,0.0,0.0,0.0,2019
77,Ucayali,Mar,0.0,0.0,0.0,0.0,2019
78,Amazonas,Abr,0.5,4.2,8400.0,1.5,2019
79,Áncash,Abr,7.0,57.0,8142.857142857142,1.556140350877193,2019
80,Apurímac,Abr,0.0,0.0,0.0,0.0,2019
81,Arequipa,Abr,10.0,168.45,16845.0,0.8667770851884833,2019
82,Ayacucho,Abr,0.0,0.0,0.0,0.0,2019
83,Cajamarca,Abr,0.0,0.0,0.0,0.0,2019
84,Callao,Abr,0.0,0.0,0.0,0.0,2019
85,Cusco,Abr,0.0,0.0,0.0,0.0,2019
86,Huancavelica,Abr,0.0,0.0,0.0,0.0,2019
87,Huánuco,Abr,0.0,0.0,0.0,0.0,2019
88,Ica,Abr,0.0,0.0,0.0,0.0,2019
89,Junín,Abr,2.0,51.5,25750.0,1.7,2019
90,La Libertad,Abr,0.5,13.4,26800.0,2.0,2019
91,Lambayeque,Abr,0.0,0.0,0.0,0.0,2019
92,Lima,Abr,0.0,0.0,0.0,0.0,2019
93,Lima Metropolitana,Abr,11.0,170.62,15510.909090909092,0.9433548235845738,2019
94,Loreto,Abr,0.0,0.0,0.0,0.0,2019
95,Madre de Dios,Abr,0.0,0.0,0.0,0.0,2019
96,Moquegua,Abr,0.0,0.0,0.0,0.0,2019
97,Pasco,Abr,0.0,0.0,0.0,0.0,2019
98,Piura,Abr,0.0,0.0,0.0,0.0,2019
99,Puno,Abr,0.0,0.0,0.0,0.0,2019
100,San Martín,Abr,0.0,0.0,0.0,0.0,2019
101,Tacna,Abr,1.0,16.0,16000.0,1.6,2019
102,Tumbes,Abr,0.0,0.0,0.0,0.0,2019
103,Ucayali,Abr,0.0,0.0,0.0,0.0,2019
104,Amazonas,May,0.0,0.0,0.0,0.0,2019
105,Áncash,May,6.0,48.0,8000.0,1.55,2019
106,Apurímac,May,0.0,0.0,0.0,0.0,2019
107,Arequipa,May,9.0,151.37,16818.88888888889,0.9348087467794147,2019
108,Ayacucho,May,0.0,0.0,0.0,0.0,2019
109,Cajamarca,May,0.0,0.0,0.0,0.0,2019
110,Callao,May,0.0,0.0,0.0,0.0,2019
111,Cusco,May,0.0,0.0,0.0,0.0,2019
112,Huancavelica,May,0.0,0.0,0.0,0.0,2019
113,Huánuco,May,0.0,0.0,0.0,0.0,2019
114,Ica,May,1.0,6.21,6210.0,1.1,2019
115,Junín,May,3.0,78.0,26000.0,2.3320512820512818,2019
116,La Libertad,May,0.5,13.6,27200.0,2.2,2019
117,Lambayeque,May,0.0,0.0,0.0,0.0,2019
118,Lima,May,0.0,0.0,0.0,0.0,2019
119,Lima Metropolitana,May,12.0,172.419,14368.250000000002,0.9338358881561777,2019
120,Loreto,May,0.0,0.0,0.0,0.0,2019
121,Madre de Dios,May,0.0,0.0,0.0,0.0,2019
122,Moquegua,May,0.0,0.0,0.0,0.0,2019
123,Pasco,May,0.0,0.0,0.0,0.0,2019
124,Piura,May,0.0,0.0,0.0,0.0,2019
125,Puno,May,0.0,0.0,0.0,0.0,2019
126,San Martín,May,0.0,0.0,0.0,0.0,2019
127,Tacna,May,0.0,0.0,0.0,0.0,2019
128,Tumbes,May,0.0,0.0,0.0,0.0,2019
129,Ucayali,May,0.0,0.0,0.0,0.0,2019
130,Amazonas,Jun,1.5,8.2,5466.666666666666,1.6195121951219513,2019
131,Áncash,Jun,6.0,51.0,8500.0,1.5,2019
132,Apurímac,Jun,0.0,0.0,0.0,0.0,2019
133,Arequipa,Jun,10.0,161.929,16192.900000000001,0.9316929024448989,2019
134,Ayacucho,Jun,0.0,0.0,0.0,0.0,2019
135,Cajamarca,Jun,0.0,0.0,0.0,0.0,2019
136,Callao,Jun,0.0,0.0,0.0,0.0,2019
137,Cusco,Jun,0.0,0.0,0.0,0.0,2019
138,Huancavelica,Jun,0.0,0.0,0.0,0.0,2019
139,Huánuco,Jun,0.0,0.0,0.0,0.0,2019
140,Ica,Jun,3.0,13.0,4333.333333333333,1.2,2019
141,Junín,Jun,4.0,89.2,22300.0,1.7406950672645738,2019
142,La Libertad,Jun,1.0,27.1,27100.0,1.0,2019
143,Lambayeque,Jun,0.0,0.0,0.0,0.0,2019
144,Lima,Jun,0.0,0.0,0.0,0.0,2019
145,Lima Metropolitana,Jun,13.0,193.68,14898.461538461539,0.9358560512185047,2019
146,Loreto,Jun,0.0,0.0,0.0,0.0,2019
147,Madre de Dios,Jun,0.0,0.0,0.0,0.0,2019
148,Moquegua,Jun,0.0,0.0,0.0,0.0,2019
149,Pasco,Jun,0.0,0.0,0.0,0.0,2019
150,Piura,Jun,0.0,0.0,0.0,0.0,2019
151,Puno,Jun,0.0,0.0,0.0,0.0,2019
152,San Martín,Jun,0.0,0.0,0.0,0.0,2019
153,Tacna,Jun,0.0,0.0,0.0,0.0,2019
154,Tumbes,Jun,0.0,0.0,0.0,0.0,2019
155,Ucayali,Jun,0.0,0.0,0.0,0.0,2019
156,Amazonas,Jul,0.0,0.0,0.0,0.0,2019
157,Áncash,Jul,5.0,41.0,8200.0,1.5668292682926832,2019
158,Apurímac,Jul,0.0,0.0,0.0,0.0,2019
159,Arequipa,Jul,10.0,158.18900000000002,15818.900000000003,0.9451150206398674,2019
160,Ayacucho,Jul,0.0,0.0,0.0,0.0,2019
161,Cajamarca,Jul,0.0,0.0,0.0,0.0,2019
162,Callao,Jul,0.0,0.0,0.0,0.0,2019
163,Cusco,Jul,0.0,0.0,0.0,0.0,2019
164,Huancavelica,Jul,0.0,0.0,0.0,0.0,2019
165,Huánuco,Jul,0.0,0.0,0.0,0.0,2019
166,Ica,Jul,0.0,0.0,0.0,0.0,2019
167,Junín,Jul,3.0,65.0,21666.666666666668,2.1173076923076923,2019
168,La Libertad,Jul,1.0,27.0,27000.0,0.8,2019
169,Lambayeque,Jul,0.0,0.0,0.0,0.0,2019
170,Lima,Jul,0.0,0.0,0.0,0.0,2019
171,Lima Metropolitana,Jul,14.0,219.27,15662.142857142857,1.2006612851735303,2019
172,Loreto,Jul,0.0,0.0,0.0,0.0,2019
173,Madre de Dios,Jul,0.0,0.0,0.0,0.0,2019
174,Moquegua,Jul,0.0,0.0,0.0,0.0,2019
175,Pasco,Jul,0.0,0.0,0.0,0.0,2019
176,Piura,Jul,0.0,0.0,0.0,0.0,2019
177,Puno,Jul,0.0,0.0,0.0,0.0,2019
178,San Martín,Jul,0.0,0.0,0.0,0.0,2019
179,Tacna,Jul,0.0,0.0,0.0,0.0,2019
180,Tumbes,Jul,0.0,0.0,0.0,0.0,2019
181,Ucayali,Jul,0.0,0.0,0.0,0.0,2019
182,Amazonas,Ago,1.0,7.0,7000.0,1.6885714285714286,2019
183,Áncash,Ago,6.0,50.0,8333.333333333334,1.534,2019
184,Apurímac,Ago,0.0,0.0,0.0,0.0,2019
185,Arequipa,Ago,10.0,162.23,16222.999999999998,0.9323059853294705,2019
186,Ayacucho,Ago,0.0,0.0,0.0,0.0,2019
187,Cajamarca,Ago,0.0,0.0,0.0,0.0,2019
188,Callao,Ago,0.0,0.0,0.0,0.0,2019
189,Cusco,Ago,0.0,0.0,0.0,0.0,2019
190,Huancavelica,Ago,0.0,0.0,0.0,0.0,2019
191,Huánuco,Ago,0.0,0.0,0.0,0.0,2019
192,Ica,Ago,0.0,0.0,0.0,0.0,2019
193,Junín,Ago,3.0,79.2,26400.000000000004,2.370328282828283,2019
194,La Libertad,Ago,0.5,13.6,27200.0,1.9000000000000001,2019
195,Lambayeque,Ago,0.0,0.0,0.0,0.0,2019
196,Lima,Ago,0.0,0.0,0.0,0.0,2019
197,Lima Metropolitana,Ago,13.0,214.44,16495.384615384617,1.2719525275135235,2019
198,Loreto,Ago,0.0,0.0,0.0,0.0,2019
199,Madre de Dios,Ago,0.0,0.0,0.0,0.0,2019
200,Moquegua,Ago,0.0,0.0,0.0,0.0,2019
201,Pasco,Ago,0.0,0.0,0.0,0.0,2019
202,Piura,Ago,0.0,0.0,0.0,0.0,2019
203,Puno,Ago,0.0,0.0,0.0,0.0,2019
204,San Martín,Ago,0.0,0.0,0.0,0.0,2019
205,Tacna,Ago,0.0,0.0,0.0,0.0,2019
206,Tumbes,Ago,0.0,0.0,0.0,0.0,2019
207,Ucayali,Ago,0.0,0.0,0.0,0.0,2019
208,Amazonas,Set,1.0,7.5,7500.0,1.7013333333333334,2019
209,Áncash,Set,5.0,40.0,8000.0,1.5699999999999998,2019
210,Apurímac,Set,0.0,0.0,0.0,0.0,2019
211,Arequipa,Set,4.0,66.569,16642.25,1.0279799906863556,2019
212,Ayacucho,Set,0.0,0.0,0.0,0.0,2019
213,Cajamarca,Set,0.0,0.0,0.0,0.0,2019
214,Callao,Set,0.0,0.0,0.0,0.0,2019
215,Cusco,Set,0.0,0.0,0.0,0.0,2019
216,Huancavelica,Set,0.0,0.0,0.0,0.0,2019
217,Huánuco,Set,0.0,0.0,0.0,0.0,2019
218,Ica,Set,3.0,20.0,6666.666666666667,1.1,2019
219,Junín,Set,3.0,77.5,25833.333333333332,1.564516129032258,2019
220,La Libertad,Set,0.5,13.5,27000.0,1.0,2019
221,Lambayeque,Set,0.0,0.0,0.0,0.0,2019
222,Lima,Set,0.0,0.0,0.0,0.0,2019
223,Lima Metropolitana,Set,12.0,180.96,15080.0,1.2186560565870912,2019
224,Loreto,Set,0.0,0.0,0.0,0.0,2019
225,Madre de Dios,Set,0.0,0.0,0.0,0.0,2019
226,Moquegua,Set,0.0,0.0,0.0,0.0,2019
227,Pasco,Set,0.0,0.0,0.0,0.0,2019
228,Piura,Set,0.0,0.0,0.0,0.0,2019
229,Puno,Set,0.0,0.0,0.0,0.0,2019
230,San Martín,Set,0.0,0.0,0.0,0.0,2019
231,Tacna,Set,0.0,0.0,0.0,0.0,2019
232,Tumbes,Set,0.0,0.0,0.0,0.0,2019
233,Ucayali,Set,0.0,0.0,0.0,0.0,2019
234,Amazonas,Oct,0.0,0.0,0.0,0.0,2019
235,Áncash,Oct,5.0,42.0,8400.0,1.5404761904761906,2019
236,Apurímac,Oct,0.0,0.0,0.0,0.0,2019
237,Arequipa,Oct,6.0,96.519,16086.5,0.9796475305380288,2019
238,Ayacucho,Oct,0.0,0.0,0.0,0.0,2019
239,Cajamarca,Oct,0.0,0.0,0.0,0.0,2019
240,Callao,Oct,0.0,0.0,0.0,0.0,2019
241,Cusco,Oct,0.0,0.0,0.0,0.0,2019
242,Huancavelica,Oct,0.0,0.0,0.0,0.0,2019
243,Huánuco,Oct,0.0,0.0,0.0,0.0,2019
244,Ica,Oct,0.0,0.0,0.0,0.0,2019
245,Junín,Oct,6.0,127.7,21283.333333333336,1.5341425215348474,2019
246,La Libertad,Oct,1.0,26.85,26850.0,0.98,2019
247,Lambayeque,Oct,0.0,0.0,0.0,0.0,2019
248,Lima,Oct,0.0,0.0,0.0,0.0,2019
249,Lima Metropolitana,Oct,11.0,155.91,14173.636363636364,1.6282855493553974,2019
250,Loreto,Oct,0.0,0.0,0.0,0.0,2019
251,Madre de Dios,Oct,0.0,0.0,0.0,0.0,2019
252,Moquegua,Oct,0.0,0.0,0.0,0.0,2019
253,Pasco,Oct,0.0,0.0,0.0,0.0,2019
254,Piura,Oct,0.0,0.0,0.0,0.0,2019
255,Puno,Oct,0.0,0.0,0.0,0.0,2019
256,San Martín,Oct,0.0,0.0,0.0,0.0,2019
257,Tacna,Oct,0.0,0.0,0.0,0.0,2019
258,Tumbes,Oct,0.0,0.0,0.0,0.0,2019
259,Ucayali,Oct,0.0,0.0,0.0,0.0,2019
260,Amazonas,Nov,0.0,0.0,0.0,0.0,2019
261,Áncash,Nov,5.0,39.0,7800.0,1.6,2019
262,Apurímac,Nov,0.0,0.0,0.0,0.0,2019
263,Arequipa,Nov,7.0,109.908,15701.142857142857,0.9140126287440403,2019
264,Ayacucho,Nov,0.0,0.0,0.0,0.0,2019
265,Cajamarca,Nov,0.0,0.0,0.0,0.0,2019
266,Callao,Nov,0.0,0.0,0.0,0.0,2019
267,Cusco,Nov,0.0,0.0,0.0,0.0,2019
268,Huancavelica,Nov,0.0,0.0,0.0,0.0,2019
269,Huánuco,Nov,0.0,0.0,0.0,0.0,2019
270,Ica,Nov,0.0,0.0,0.0,0.0,2019
271,Junín,Nov,4.0,89.3,22325.0,1.654199328107503,2019
272,La Libertad,Nov,0.0,0.0,0.0,0.0,2019
273,Lambayeque,Nov,0.0,0.0,0.0,0.0,2019
274,Lima,Nov,0.0,0.0,0.0,0.0,2019
275,Lima Metropolitana,Nov,13.0,185.03,14233.076923076924,1.4334486299518996,2019
276,Loreto,Nov,0.0,0.0,0.0,0.0,2019
277,Madre de Dios,Nov,0.0,0.0,0.0,0.0,2019
278,Moquegua,Nov,0.0,0.0,0.0,0.0,2019
279,Pasco,Nov,0.0,0.0,0.0,0.0,2019
280,Piura,Nov,0.0,0.0,0.0,0.0,2019
281,Puno,Nov,0.0,0.0,0.0,0.0,2019
282,San Martín,Nov,0.0,0.0,0.0,0.0,2019
283,Tacna,Nov,0.0,0.0,0.0,0.0,2019
284,Tumbes,Nov,0.0,0.0,0.0,0.0,2019
285,Ucayali,Nov,0.0,0.0,0.0,0.0,2019
286,Amazonas,Dic,0.0,0.0,0.0,0.0,2019
287,Áncash,Dic,6.0,49.0,8166.666666666666,1.646938775510204,2019
288,Apurímac,Dic,0.0,0.0,0.0,0.0,2019
289,Arequipa,Dic,7.0,111.98000000000002,15997.14285714286,0.9675388462225397,2019
290,Ayacucho,Dic,0.0,0.0,0.0,0.0,2019
291,Cajamarca,Dic,0.0,0.0,0.0,0.0,2019
292,Callao,Dic,0.0,0.0,0.0,0.0,2019
293,Cusco,Dic,0.0,0.0,0.0,0.0,2019
294,Huancavelica,Dic,0.0,0.0,0.0,0.0,2019
295,Huánuco,Dic,0.0,0.0,0.0,0.0,2019
296,Ica,Dic,0.0,0.0,0.0,0.0,2019
297,Junín,Dic,6.0,130.0,21666.666666666668,1.6919230769230769,2019
298,La Libertad,Dic,1.0,26.5,26500.0,0.9,2019
299,Lambayeque,Dic,0.0,0.0,0.0,0.0,2019
300,Lima,Dic,0.0,0.0,0.0,0.0,2019
301,Lima Metropolitana,Dic,9.0,134.639,14959.88888888889,1.754109136282949,2019
302,Loreto,Dic,0.0,0.0,0.0,0.0,2019
303,Madre de Dios,Dic,0.0,0.0,0.0,0.0,2019
304,Moquegua,Dic,0.0,0.0,0.0,0.0,2019
305,Pasco,Dic,0.0,0.0,0.0,0.0,2019
306,Piura,Dic,0.0,0.0,0.0,0.0,2019
307,Puno,Dic,0.0,0.0,0.0,0.0,2019
308,San Martín,Dic,0.0,0.0,0.0,0.0,2019
309,Tacna,Dic,0.0,0.0,0.0,0.0,2019
310,Tumbes,Dic,0.0,0.0,0.0,0.0,2019
311,Ucayali,Dic,0.0,0.0,0.0,0.0,2019
0,Amazonas,Ene,0.0,0.0,0.0,0.0,2019
1,Áncash,Ene,7.0,59.0,8428.57142857143,1.442372881355932,2019
2,Apurímac,Ene,0.0,0.0,0.0,0.0,2019
3,Arequipa,Ene,10.0,177.53699999999998,17753.699999999997,0.7300664086922725,2019
4,Ayacucho,Ene,0.0,0.0,0.0,0.0,2019
5,Cajamarca,Ene,0.0,0.0,0.0,0.0,2019
6,Callao,Ene,0.0,0.0,0.0,0.0,2019
7,Cusco,Ene,0.0,0.0,0.0,0.0,2019
8,Huancavelica,Ene,0.0,0.0,0.0,0.0,2019
9,Huánuco,Ene,0.0,0.0,0.0,0.0,2019
10,Ica,Ene,0.0,0.0,0.0,0.0,2019
11,Junín,Ene,5.0,82.7,16540.0,1.5680773881499395,2019
12,La Libertad,Ene,2.5,65.3,26119.999999999996,1.2013782542113325,2019
13,Lambayeque,Ene,0.0,0.0,0.0,0.0,2019
14,Lima,Ene,0.0,0.0,0.0,0.0,2019
15,Lima Metropolitana,Ene,10.0,161.88,16187.999999999998,0.8320539906103287,2019
16,Loreto,Ene,0.0,0.0,0.0,0.0,2019
17,Madre de Dios,Ene,0.0,0.0,0.0,0.0,2019
18,Moquegua,Ene,0.0,0.0,0.0,0.0,2019
19,Pasco,Ene,0.0,0.0,0.0,0.0,2019
20,Piura,Ene,0.0,0.0,0.0,0.0,2019
21,Puno,Ene,0.0,0.0,0.0,0.0,2019
22,San Martín,Ene,0.0,0.0,0.0,0.0,2019
23,Tacna,Ene,0.0,0.0,0.0,0.0,2019
24,Tumbes,Ene,0.0,0.0,0.0,0.0,2019
25,Ucayali,Ene,0.0,0.0,0.0,0.0,2019
26,Amazonas,Feb,0.0,0.0,0.0,0.0,2019
27,Áncash,Feb,7.0,61.0,8714.285714285714,1.5147540983606558,2019
28,Apurímac,Feb,0.0,0.0,0.0,0.0,2019
29,Arequipa,Feb,9.0,162.019,18002.111111111113,0.6782130490868356,2019
30,Ayacucho,Feb,0.0,0.0,0.0,0.0,2019
31,Cajamarca,Feb,0.0,0.0,0.0,0.0,2019
32,Callao,Feb,0.0,0.0,0.0,0.0,2019
33,Cusco,Feb,0.0,0.0,0.0,0.0,2019
34,Huancavelica,Feb,0.0,0.0,0.0,0.0,2019
35,Huánuco,Feb,0.0,0.0,0.0,0.0,2019
36,Ica,Feb,0.0,0.0,0.0,0.0,2019
37,Junín,Feb,6.0,108.9,18150.000000000004,1.4934802571166208,2019
38,La Libertad,Feb,1.0,26.2,26200.0,1.2,2019
39,Lambayeque,Feb,0.0,0.0,0.0,0.0,2019
40,Lima,Feb,0.0,0.0,0.0,0.0,2019
41,Lima Metropolitana,Feb,12.0,191.88,15990.0,0.8213039399624764,2019
42,Loreto,Feb,0.0,0.0,0.0,0.0,2019
43,Madre de Dios,Feb,0.0,0.0,0.0,0.0,2019
44,Moquegua,Feb,0.0,0.0,0.0,0.0,2019
45,Pasco,Feb,0.0,0.0,0.0,0.0,2019
46,Piura,Feb,0.0,0.0,0.0,0.0,2019
47,Puno,Feb,0.0,0.0,0.0,0.0,2019
48,San Martín,Feb,0.0,0.0,0.0,0.0,2019
49,Tacna,Feb,1.0,16.0,16000.0,1.4,2019
50,Tumbes,Feb,0.0,0.0,0.0,0.0,2019
51,Ucayali,Feb,0.0,0.0,0.0,0.0,2019
52,Amazonas,Mar,0.0,0.0,0.0,0.0,2019
53,Áncash,Mar,9.0,76.0,8444.444444444445,1.3026315789473684,2019
54,Apurímac,Mar,0.0,0.0,0.0,0.0,2019
55,Arequipa,Mar,9.0,161.97899999999998,17997.666666666664,0.7228850653479773,2019
56,Ayacucho,Mar,0.0,0.0,0.0,0.0,2019
57,Cajamarca,Mar,0.0,0.0,0.0,0.0,2019
58,Callao,Mar,0.0,0.0,0.0,0.0,2019
59,Cusco,Mar,0.0,0.0,0.0,0.0,2019
60,Huancavelica,Mar,0.0,0.0,0.0,0.0,2019
61,Huánuco,Mar,0.0,0.0,0.0,0.0,2019
62,Ica,Mar,0.0,0.0,0.0,0.0,2019
63,Junín,Mar,4.0,100.5,25125.0,1.862189054726368,2019
64,La Libertad,Mar,2.0,52.55,26275.0,1.6000000000000003,2019
65,Lambayeque,Mar,0.0,0.0,0.0,0.0,2019
66,Lima,Mar,0.0,0.0,0.0,0.0,2019
67,Lima Metropolitana,Mar,12.0,186.45499999999998,15537.916666666666,0.8197763535437507,2019
68,Loreto,Mar,0.0,0.0,0.0,0.0,2019
69,Madre de Dios,Mar,0.0,0.0,0.0,0.0,2019
70,Moquegua,Mar,0.0,0.0,0.0,0.0,2019
71,Pasco,Mar,0.0,0.0,0.0,0.0,2019
72,Piura,Mar,0.0,0.0,0.0,0.0,2019
73,Puno,Mar,0.0,0.0,0.0,0.0,2019
74,San Martín,Mar,0.0,0.0,0.0,0.0,2019
75,Tacna,Mar,0.0,0.0,0.0,0.0,2019
76,Tumbes,Mar,0.0,0.0,0.0,0.0,2019
77,Ucayali,Mar,0.0,0.0,0.0,0.0,2019
78,Amazonas,Abr,1.0,3.8,3800.0,0.9500000000000001,2019
79,Áncash,Abr,6.0,52.0,8666.666666666666,1.4500000000000002,2019
80,Apurímac,Abr,0.0,0.0,0.0,0.0,2019
81,Arequipa,Abr,10.0,179.94899999999998,17994.899999999998,0.8010780832346945,2019
82,Ayacucho,Abr,0.0,0.0,0.0,0.0,2019
83,Cajamarca,Abr,0.0,0.0,0.0,0.0,2019
84,Callao,Abr,0.0,0.0,0.0,0.0,2019
85,Cusco,Abr,0.0,0.0,0.0,0.0,2019
86,Huancavelica,Abr,0.0,0.0,0.0,0.0,2019
87,Huánuco,Abr,0.0,0.0,0.0,0.0,2019
88,Ica,Abr,0.0,0.0,0.0,0.0,2019
89,Junín,Abr,7.0,163.2,23314.285714285714,1.6273897058823532,2019
90,La Libertad,Abr,1.0,26.0,26000.0,1.2,2019
91,Lambayeque,Abr,0.0,0.0,0.0,0.0,2019
92,Lima,Abr,0.0,0.0,0.0,0.0,2019
93,Lima Metropolitana,Abr,14.0,213.39,15242.142857142855,0.8188837340081542,2019
94,Loreto,Abr,0.0,0.0,0.0,0.0,2019
95,Madre de Dios,Abr,0.0,0.0,0.0,0.0,2019
96,Moquegua,Abr,0.0,0.0,0.0,0.0,2019
97,Pasco,Abr,0.0,0.0,0.0,0.0,2019
98,Piura,Abr,0.0,0.0,0.0,0.0,2019
99,Puno,Abr,0.0,0.0,0.0,0.0,2019
100,San Martín,Abr,0.0,0.0,0.0,0.0,2019
101,Tacna,Abr,1.0,18.0,18000.0,1.3,2019
102,Tumbes,Abr,0.0,0.0,0.0,0.0,2019
103,Ucayali,Abr,0.0,0.0,0.0,0.0,2019
104,Amazonas,May,0.0,0.0,0.0,0.0,2019
105,Áncash,May,7.0,59.0,8428.57142857143,1.4559322033898305,2019
106,Apurímac,May,0.0,0.0,0.0,0.0,2019
107,Arequipa,May,11.0,189.21999999999997,17201.81818181818,0.8436370362540958,2019
108,Ayacucho,May,0.0,0.0,0.0,0.0,2019
109,Cajamarca,May,0.0,0.0,0.0,0.0,2019
110,Callao,May,0.0,0.0,0.0,0.0,2019
111,Cusco,May,0.0,0.0,0.0,0.0,2019
112,Huancavelica,May,0.0,0.0,0.0,0.0,2019
113,Huánuco,May,0.0,0.0,0.0,0.0,2019
114,Ica,May,0.0,0.0,0.0,0.0,2019
115,Junín,May,5.0,100.0,20000.0,1.5530000000000002,2019
116,La Libertad,May,2.0,52.8,26400.0,1.17,2019
117,Lambayeque,May,0.0,0.0,0.0,0.0,2019
118,Lima,May,0.0,0.0,0.0,0.0,2019
119,Lima Metropolitana,May,15.0,214.39999999999998,14293.333333333332,0.8419776119402985,2019
120,Loreto,May,0.0,0.0,0.0,0.0,2019
121,Madre de Dios,May,0.0,0.0,0.0,0.0,2019
122,Moquegua,May,0.0,0.0,0.0,0.0,2019
123,Pasco,May,0.0,0.0,0.0,0.0,2019
124,Piura,May,0.0,0.0,0.0,0.0,2019
125,Puno,May,0.0,0.0,0.0,0.0,2019
126,San Martín,May,0.0,0.0,0.0,0.0,2019
127,Tacna,May,0.0,0.0,0.0,0.0,2019
128,Tumbes,May,0.0,0.0,0.0,0.0,2019
129,Ucayali,May,0.0,0.0,0.0,0.0,2019
130,Amazonas,Jun,0.0,0.0,0.0,0.0,2019
131,Áncash,Jun,8.0,68.0,8500.0,1.45,2019
132,Apurímac,Jun,0.0,0.0,0.0,0.0,2019
133,Arequipa,Jun,12.0,204.38,17031.666666666668,0.8303552206673842,2019
134,Ayacucho,Jun,0.0,0.0,0.0,0.0,2019
135,Cajamarca,Jun,0.0,0.0,0.0,0.0,2019
136,Callao,Jun,0.0,0.0,0.0,0.0,2019
137,Cusco,Jun,0.0,0.0,0.0,0.0,2019
138,Huancavelica,Jun,0.0,0.0,0.0,0.0,2019
139,Huánuco,Jun,0.0,0.0,0.0,0.0,2019
140,Ica,Jun,0.0,0.0,0.0,0.0,2019
141,Junín,Jun,3.0,77.7,25900.000000000004,1.4356499356499355,2019
142,La Libertad,Jun,2.5,65.65,26260.0,1.1798172124904798,2019
143,Lambayeque,Jun,0.0,0.0,0.0,0.0,2019
144,Lima,Jun,0.0,0.0,0.0,0.0,2019
145,Lima Metropolitana,Jun,14.0,208.79000000000002,14913.57142857143,0.8943119881220364,2019
146,Loreto,Jun,0.0,0.0,0.0,0.0,2019
147,Madre de Dios,Jun,0.0,0.0,0.0,0.0,2019
148,Moquegua,Jun,0.0,0.0,0.0,0.0,2019
149,Pasco,Jun,0.0,0.0,0.0,0.0,2019
150,Piura,Jun,0.0,0.0,0.0,0.0,2019
151,Puno,Jun,0.0,0.0,0.0,0.0,2019
152,San Martín,Jun,0.0,0.0,0.0,0.0,2019
153,Tacna,Jun,1.0,15.0,15000.0,1.5,2019
154,Tumbes,Jun,0.0,0.0,0.0,0.0,2019
155,Ucayali,Jun,0.0,0.0,0.0,0.0,2019
156,Amazonas,Jul,0.0,0.0,0.0,0.0,2019
157,Áncash,Jul,7.0,60.0,8571.42857142857,1.5,2019
158,Apurímac,Jul,0.0,0.0,0.0,0.0,2019
159,Arequipa,Jul,9.0,152.65700000000004,16961.888888888894,0.9435020994779146,2019
160,Ayacucho,Jul,0.0,0.0,0.0,0.0,2019
161,Cajamarca,Jul,0.0,0.0,0.0,0.0,2019
162,Callao,Jul,0.0,0.0,0.0,0.0,2019
163,Cusco,Jul,0.0,0.0,0.0,0.0,2019
164,Huancavelica,Jul,0.0,0.0,0.0,0.0,2019
165,Huánuco,Jul,0.0,0.0,0.0,0.0,2019
166,Ica,Jul,0.0,0.0,0.0,0.0,2019
167,Junín,Jul,5.0,88.1,17619.999999999996,1.579228149829739,2019
168,La Libertad,Jul,1.5,39.0,26000.0,1.0,2019
169,Lambayeque,Jul,0.0,0.0,0.0,0.0,2019
170,Lima,Jul,0.0,0.0,0.0,0.0,2019
171,Lima Metropolitana,Jul,11.0,158.14999999999998,14377.272727272724,0.9188169459374014,2019
172,Loreto,Jul,0.0,0.0,0.0,0.0,2019
173,Madre de Dios,Jul,0.0,0.0,0.0,0.0,2019
174,Moquegua,Jul,0.0,0.0,0.0,0.0,2019
175,Pasco,Jul,0.0,0.0,0.0,0.0,2019
176,Piura,Jul,0.0,0.0,0.0,0.0,2019
177,Puno,Jul,0.0,0.0,0.0,0.0,2019
178,San Martín,Jul,0.0,0.0,0.0,0.0,2019
179,Tacna,Jul,0.0,0.0,0.0,0.0,2019
180,Tumbes,Jul,0.0,0.0,0.0,0.0,2019
181,Ucayali,Jul,0.0,0.0,0.0,0.0,2019
182,Amazonas,Ago,1.0,3.7,3700.0,1.0,2019
183,Áncash,Ago,7.0,60.0,8571.42857142857,1.5716666666666668,2019
184,Apurímac,Ago,0.0,0.0,0.0,0.0,2019
185,Arequipa,Ago,9.0,147.88899999999998,16432.11111111111,1.0248835275104975,2019
186,Ayacucho,Ago,0.0,0.0,0.0,0.0,2019
187,Cajamarca,Ago,0.0,0.0,0.0,0.0,2019
188,Callao,Ago,0.0,0.0,0.0,0.0,2019
189,Cusco,Ago,0.0,0.0,0.0,0.0,2019
190,Huancavelica,Ago,0.0,0.0,0.0,0.0,2019
191,Huánuco,Ago,0.0,0.0,0.0,0.0,2019
192,Ica,Ago,0.0,0.0,0.0,0.0,2019
193,Junín,Ago,6.0,142.6,23766.666666666664,1.7996844319775596,2019
194,La Libertad,Ago,3.0,79.6,26533.333333333332,1.0132663316582915,2019
195,Lambayeque,Ago,0.0,0.0,0.0,0.0,2019
196,Lima,Ago,0.0,0.0,0.0,0.0,2019
197,Lima Metropolitana,Ago,14.0,218.42000000000002,15601.428571428572,0.8786942587675121,2019
198,Loreto,Ago,0.0,0.0,0.0,0.0,2019
199,Madre de Dios,Ago,0.0,0.0,0.0,0.0,2019
200,Moquegua,Ago,0.0,0.0,0.0,0.0,2019
201,Pasco,Ago,0.0,0.0,0.0,0.0,2019
202,Piura,Ago,0.0,0.0,0.0,0.0,2019
203,Puno,Ago,0.0,0.0,0.0,0.0,2019
204,San Martín,Ago,0.0,0.0,0.0,0.0,2019
205,Tacna,Ago,0.0,0.0,0.0,0.0,2019
206,Tumbes,Ago,0.0,0.0,0.0,0.0,2019
207,Ucayali,Ago,0.0,0.0,0.0,0.0,2019
208,Amazonas,Set,0.5,1.75,3500.0,1.0,2019
209,Áncash,Set,7.0,59.0,8428.57142857143,1.557627118644068,2019
210,Apurímac,Set,0.0,0.0,0.0,0.0,2019
211,Arequipa,Set,6.0,103.83800000000001,17306.333333333336,0.9840135595831969,2019
212,Ayacucho,Set,0.0,0.0,0.0,0.0,2019
213,Cajamarca,Set,0.0,0.0,0.0,0.0,2019
214,Callao,Set,0.0,0.0,0.0,0.0,2019
215,Cusco,Set,0.0,0.0,0.0,0.0,2019
216,Huancavelica,Set,0.0,0.0,0.0,0.0,2019
217,Huánuco,Set,0.0,0.0,0.0,0.0,2019
218,Ica,Set,0.0,0.0,0.0,0.0,2019
219,Junín,Set,7.0,167.29999999999998,23900.0,1.5786610878661087,2019
220,La Libertad,Set,0.5,13.5,27000.0,1.0,2019
221,Lambayeque,Set,0.0,0.0,0.0,0.0,2019
222,Lima,Set,0.0,0.0,0.0,0.0,2019
223,Lima Metropolitana,Set,12.0,176.07999999999998,14673.333333333332,0.8827839618355293,2019
224,Loreto,Set,0.0,0.0,0.0,0.0,2019
225,Madre de Dios,Set,0.0,0.0,0.0,0.0,2019
226,Moquegua,Set,0.0,0.0,0.0,0.0,2019
227,Pasco,Set,0.0,0.0,0.0,0.0,2019
228,Piura,Set,0.0,0.0,0.0,0.0,2019
229,Puno,Set,0.0,0.0,0.0,0.0,2019
230,San Martín,Set,0.0,0.0,0.0,0.0,2019
231,Tacna,Set,1.0,16.0,16000.0,1.5,2019
232,Tumbes,Set,0.0,0.0,0.0,0.0,2019
233,Ucayali,Set,0.0,0.0,0.0,0.0,2019
234,Amazonas,Oct,0.0,0.0,0.0,0.0,2019
235,Áncash,Oct,6.0,50.0,8333.333333333334,1.55,2019
236,Apurímac,Oct,0.0,0.0,0.0,0.0,2019
237,Arequipa,Oct,9.0,148.86899999999997,16540.999999999996,0.970964740812392,2019
238,Ayacucho,Oct,0.0,0.0,0.0,0.0,2019
239,Cajamarca,Oct,0.0,0.0,0.0,0.0,2019
240,Callao,Oct,0.0,0.0,0.0,0.0,2019
241,Cusco,Oct,0.0,0.0,0.0,0.0,2019
242,Huancavelica,Oct,0.0,0.0,0.0,0.0,2019
243,Huánuco,Oct,0.0,0.0,0.0,0.0,2019
244,Ica,Oct,0.0,0.0,0.0,0.0,2019
245,Junín,Oct,4.0,102.9,25725.0,1.3502429543245869,2019
246,La Libertad,Oct,2.0,53.7,26850.0,1.0,2019
247,Lambayeque,Oct,0.0,0.0,0.0,0.0,2019
248,Lima,Oct,0.0,0.0,0.0,0.0,2019
249,Lima Metropolitana,Oct,13.0,186.52,14347.692307692309,0.9081707055543641,2019
250,Loreto,Oct,0.0,0.0,0.0,0.0,2019
251,Madre de Dios,Oct,0.0,0.0,0.0,0.0,2019
252,Moquegua,Oct,0.0,0.0,0.0,0.0,2019
253,Pasco,Oct,0.0,0.0,0.0,0.0,2019
254,Piura,Oct,0.0,0.0,0.0,0.0,2019
255,Puno,Oct,0.0,0.0,0.0,0.0,2019
256,San Martín,Oct,0.0,0.0,0.0,0.0,2019
257,Tacna,Oct,0.0,0.0,0.0,0.0,2019
258,Tumbes,Oct,0.0,0.0,0.0,0.0,2019
259,Ucayali,Oct,0.0,0.0,0.0,0.0,2019
260,Amazonas,Nov,0.0,0.0,0.0,0.0,2019
261,Áncash,Nov,7.0,60.0,8571.42857142857,1.5566666666666669,2019
262,Apurímac,Nov,0.0,0.0,0.0,0.0,2019
263,Arequipa,Nov,9.0,149.07999999999998,16564.444444444445,0.9768446471693053,2019
264,Ayacucho,Nov,0.0,0.0,0.0,0.0,2019
265,Cajamarca,Nov,0.0,0.0,0.0,0.0,2019
266,Callao,Nov,0.0,0.0,0.0,0.0,2019
267,Cusco,Nov,0.0,0.0,0.0,0.0,2019
268,Huancavelica,Nov,0.0,0.0,0.0,0.0,2019
269,Huánuco,Nov,0.0,0.0,0.0,0.0,2019
270,Ica,Nov,0.0,0.0,0.0,0.0,2019
271,Junín,Nov,3.0,65.3,21766.666666666664,1.5340735068912712,2019
272,La Libertad,Nov,0.0,0.0,0.0,0.0,2019
273,Lambayeque,Nov,0.0,0.0,0.0,0.0,2019
274,Lima,Nov,0.0,0.0,0.0,0.0,2019
275,Lima Metropolitana,Nov,16.0,234.42000000000002,14651.250000000002,0.8652026277621362,2019
276,Loreto,Nov,0.0,0.0,0.0,0.0,2019
277,Madre de Dios,Nov,0.0,0.0,0.0,0.0,2019
278,Moquegua,Nov,0.0,0.0,0.0,0.0,2019
279,Pasco,Nov,0.0,0.0,0.0,0.0,2019
280,Piura,Nov,0.0,0.0,0.0,0.0,2019
281,Puno,Nov,0.0,0.0,0.0,0.0,2019
282,San Martín,Nov,0.0,0.0,0.0,0.0,2019
283,Tacna,Nov,2.0,31.0,15500.0,1.664516129032258,2019
284,Tumbes,Nov,0.0,0.0,0.0,0.0,2019
285,Ucayali,Nov,0.0,0.0,0.0,0.0,2019
286,Amazonas,Dic,0.0,0.0,0.0,0.0,2019
287,Áncash,Dic,7.0,60.0,8571.42857142857,1.5566666666666669,2019
288,Apurímac,Dic,0.0,0.0,0.0,0.0,2019
289,Arequipa,Dic,10.0,168.00900000000001,16800.9,0.9422221428613944,2019
290,Ayacucho,Dic,0.0,0.0,0.0,0.0,2019
291,Cajamarca,Dic,0.0,0.0,0.0,0.0,2019
292,Callao,Dic,0.0,0.0,0.0,0.0,2019
293,Cusco,Dic,0.0,0.0,0.0,0.0,2019
294,Huancavelica,Dic,0.0,0.0,0.0,0.0,2019
295,Huánuco,Dic,0.0,0.0,0.0,0.0,2019
296,Ica,Dic,0.0,0.0,0.0,0.0,2019
297,Junín,Dic,5.0,103.7,20740.000000000004,1.546480231436837,2019
298,La Libertad,Dic,0.5,13.45,26900.0,1.6,2019
299,Lambayeque,Dic,0.0,0.0,0.0,0.0,2019
300,Lima,Dic,0.0,0.0,0.0,0.0,2019
301,Lima Metropolitana,Dic,11.0,163.47,14860.909090909092,0.8680014681592955,2019
302,Loreto,Dic,0.0,0.0,0.0,0.0,2019
303,Madre de Dios,Dic,0.0,0.0,0.0,0.0,2019
304,Moquegua,Dic,0.0,0.0,0.0,0.0,2019
305,Pasco,Dic,0.0,0.0,0.0,0.0,2019
306,Piura,Dic,0.0,0.0,0.0,0.0,2019
307,Puno,Dic,0.0,0.0,0.0,0.0,2019
308,San Martín,Dic,0.0,0.0,0.0,0.0,2019
309,Tacna,Dic,0.0,0.0,0.0,0.0,2019
310,Tumbes,Dic,0.0,0.0,0.0,0.0,2019
311,Ucayali,Dic,0.0,0.0,0.0,0.0,2019
0,Amazonas,Ene,0.0,0.0,0.0,0.0,2019
1,Áncash,Ene,5.0,44.0,8800.0,1.0409090909090908,2019
2,Apurímac,Ene,0.0,0.0,0.0,0.0,2019
3,Arequipa,Ene,10.0,175.90900000000002,17590.9,1.0606563620963114,2019
4,Ayacucho,Ene,0.0,0.0,0.0,0.0,2019
5,Cajamarca,Ene,0.0,0.0,0.0,0.0,2019
6,Callao,Ene,0.0,0.0,0.0,0.0,2019
7,Cusco,Ene,0.0,0.0,0.0,0.0,2019
8,Huancavelica,Ene,0.0,0.0,0.0,0.0,2019
9,Huánuco,Ene,0.0,0.0,0.0,0.0,2019
10,Ica,Ene,0.0,0.0,0.0,0.0,2019
11,Junín,Ene,4.0,71.0,17750.0,1.7225352112676058,2019
12,La Libertad,Ene,2.5,65.7,26280.0,0.8010654490106546,2019
13,Lambayeque,Ene,0.0,0.0,0.0,0.0,2019
14,Lima,Ene,0.0,0.0,0.0,0.0,2019
15,Lima Metropolitana,Ene,11.0,178.29000000000002,16208.18181818182,0.8373840372426946,2019
16,Loreto,Ene,0.0,0.0,0.0,0.0,2019
17,Madre de Dios,Ene,0.0,0.0,0.0,0.0,2019
18,Moquegua,Ene,0.0,0.0,0.0,0.0,2019
19,Pasco,Ene,0.0,0.0,0.0,0.0,2019
20,Piura,Ene,0.0,0.0,0.0,0.0,2019
21,Puno,Ene,0.0,0.0,0.0,0.0,2019
22,San Martín,Ene,0.0,0.0,0.0,0.0,2019
23,Tacna,Ene,0.0,0.0,0.0,0.0,2019
24,Tumbes,Ene,0.0,0.0,0.0,0.0,2019
25,Ucayali,Ene,0.0,0.0,0.0,0.0,2019
26,Amazonas,Feb,0.5,1.9,3800.0,0.8,2019
27,Áncash,Feb,5.0,43.0,8600.0,1.2395348837209301,2019
28,Apurímac,Feb,0.0,0.0,0.0,0.0,2019
29,Arequipa,Feb,14.0,249.33,17809.285714285714,1.008687281915534,2019
30,Ayacucho,Feb,0.0,0.0,0.0,0.0,2019
31,Cajamarca,Feb,0.0,0.0,0.0,0.0,2019
32,Callao,Feb,0.0,0.0,0.0,0.0,2019
33,Cusco,Feb,0.0,0.0,0.0,0.0,2019
34,Huancavelica,Feb,0.0,0.0,0.0,0.0,2019
35,Huánuco,Feb,0.0,0.0,0.0,0.0,2019
36,Ica,Feb,0.0,0.0,0.0,0.0,2019
37,Junín,Feb,5.0,93.7,18740.000000000004,1.7845250800426895,2019
38,La Libertad,Feb,1.0,26.6,26600.0,1.3,2019
39,Lambayeque,Feb,0.0,0.0,0.0,0.0,2019
40,Lima,Feb,0.0,0.0,0.0,0.0,2019
41,Lima Metropolitana,Feb,17.0,282.65999999999997,16627.05882352941,0.8846065944951533,2019
42,Loreto,Feb,0.0,0.0,0.0,0.0,2019
43,Madre de Dios,Feb,0.0,0.0,0.0,0.0,2019
44,Moquegua,Feb,0.0,0.0,0.0,0.0,2019
45,Pasco,Feb,0.0,0.0,0.0,0.0,2019
46,Piura,Feb,0.0,0.0,0.0,0.0,2019
47,Puno,Feb,0.0,0.0,0.0,0.0,2019
48,San Martín,Feb,0.0,0.0,0.0,0.0,2019
49,Tacna,Feb,0.0,0.0,0.0,0.0,2019
50,Tumbes,Feb,0.0,0.0,0.0,0.0,2019
51,Ucayali,Feb,0.0,0.0,0.0,0.0,2019
52,Amazonas,Mar,0.0,0.0,0.0,0.0,2019
53,Áncash,Mar,7.0,60.0,8571.42857142857,1.25,2019
54,Apurímac,Mar,0.0,0.0,0.0,0.0,2019
55,Arequipa,Mar,10.0,179.187,17918.7,0.9410509690993207,2019
56,Ayacucho,Mar,0.0,0.0,0.0,0.0,2019
57,Cajamarca,Mar,0.0,0.0,0.0,0.0,2019
58,Callao,Mar,0.0,0.0,0.0,0.0,2019
59,Cusco,Mar,0.0,0.0,0.0,0.0,2019
60,Huancavelica,Mar,0.0,0.0,0.0,0.0,2019
61,Huánuco,Mar,0.0,0.0,0.0,0.0,2019
62,Ica,Mar,0.0,0.0,0.0,0.0,2019
63,Junín,Mar,4.0,93.0,23250.0,2.1,2019
64,La Libertad,Mar,3.0,79.7,26566.666666666668,1.6671267252195734,2019
65,Lambayeque,Mar,0.0,0.0,0.0,0.0,2019
66,Lima,Mar,0.0,0.0,0.0,0.0,2019
67,Lima Metropolitana,Mar,17.0,273.87,16110.0,0.8404374338189652,2019
68,Loreto,Mar,0.0,0.0,0.0,0.0,2019
69,Madre de Dios,Mar,0.0,0.0,0.0,0.0,2019
70,Moquegua,Mar,0.0,0.0,0.0,0.0,2019
71,Pasco,Mar,0.0,0.0,0.0,0.0,2019
72,Piura,Mar,0.0,0.0,0.0,0.0,2019
73,Puno,Mar,0.0,0.0,0.0,0.0,2019
74,San Martín,Mar,0.0,0.0,0.0,0.0,2019
75,Tacna,Mar,0.0,0.0,0.0,0.0,2019
76,Tumbes,Mar,0.0,0.0,0.0,0.0,2019
77,Ucayali,Mar,0.0,0.0,0.0,0.0,2019
78,Amazonas,Abr,0.5,1.95,3900.0,0.8999999999999999,2019
79,Áncash,Abr,7.0,51.0,7285.714285714285,1.3000000000000003,2019
80,Apurímac,Abr,0.0,0.0,0.0,0.0,2019
81,Arequipa,Abr,11.0,197.936,17994.18181818182,0.9088417468272574,2019
82,Ayacucho,Abr,0.0,0.0,0.0,0.0,2019
83,Cajamarca,Abr,0.0,0.0,0.0,0.0,2019
84,Callao,Abr,0.0,0.0,0.0,0.0,2019
85,Cusco,Abr,0.0,0.0,0.0,0.0,2019
86,Huancavelica,Abr,0.0,0.0,0.0,0.0,2019
87,Huánuco,Abr,0.0,0.0,0.0,0.0,2019
88,Ica,Abr,0.0,0.0,0.0,0.0,2019
89,Junín,Abr,7.0,143.5,20500.0,1.771951219512195,2019
90,La Libertad,Abr,2.0,53.0,26500.0,1.6000000000000003,2019
91,Lambayeque,Abr,0.0,0.0,0.0,0.0,2019
92,Lima,Abr,0.0,0.0,0.0,0.0,2019
93,Lima Metropolitana,Abr,15.0,215.89999999999998,14393.333333333332,0.7291106993978694,2019
94,Loreto,Abr,0.0,0.0,0.0,0.0,2019
95,Madre de Dios,Abr,0.0,0.0,0.0,0.0,2019
96,Moquegua,Abr,0.0,0.0,0.0,0.0,2019
97,Pasco,Abr,0.0,0.0,0.0,0.0,2019
98,Piura,Abr,0.0,0.0,0.0,0.0,2019
99,Puno,Abr,0.0,0.0,0.0,0.0,2019
100,San Martín,Abr,0.0,0.0,0.0,0.0,2019
101,Tacna,Abr,0.0,0.0,0.0,0.0,2019
102,Tumbes,Abr,0.0,0.0,0.0,0.0,2019
103,Ucayali,Abr,0.0,0.0,0.0,0.0,2019
104,Amazonas,May,0.0,0.0,0.0,0.0,2019
105,Áncash,May,7.0,63.0,9000.0,1.2,2019
106,Apurímac,May,0.0,0.0,0.0,0.0,2019
107,Arequipa,May,14.0,252.18899999999996,18013.499999999996,0.935013025944827,2019
108,Ayacucho,May,0.0,0.0,0.0,0.0,2019
109,Cajamarca,May,0.0,0.0,0.0,0.0,2019
110,Callao,May,0.0,0.0,0.0,0.0,2019
111,Cusco,May,0.0,0.0,0.0,0.0,2019
112,Huancavelica,May,0.0,0.0,0.0,0.0,2019
113,Huánuco,May,0.0,0.0,0.0,0.0,2019
114,Ica,May,0.0,0.0,0.0,0.0,2019
115,Junín,May,4.0,82.7,20675.0,1.738814993954051,2019
116,La Libertad,May,2.0,52.4,26200.0,1.6992366412213742,2019
117,Lambayeque,May,0.0,0.0,0.0,0.0,2019
118,Lima,May,0.0,0.0,0.0,0.0,2019
119,Lima Metropolitana,May,21.0,317.69,15128.095238095239,0.7392473795209166,2019
120,Loreto,May,0.0,0.0,0.0,0.0,2019
121,Madre de Dios,May,0.0,0.0,0.0,0.0,2019
122,Moquegua,May,0.0,0.0,0.0,0.0,2019
123,Pasco,May,0.0,0.0,0.0,0.0,2019
124,Piura,May,0.0,0.0,0.0,0.0,2019
125,Puno,May,0.0,0.0,0.0,0.0,2019
126,San Martín,May,0.0,0.0,0.0,0.0,2019
127,Tacna,May,0.0,0.0,0.0,0.0,2019
128,Tumbes,May,0.0,0.0,0.0,0.0,2019
129,Ucayali,May,0.0,0.0,0.0,0.0,2019
130,Amazonas,Jun,0.0,0.0,0.0,0.0,2019
131,Áncash,Jun,5.0,43.0,8600.0,1.25,2019
132,Apurímac,Jun,0.0,0.0,0.0,0.0,2019
133,Arequipa,Jun,5.0,88.75999999999999,17752.0,0.9196259576385758,2019
134,Ayacucho,Jun,0.0,0.0,0.0,0.0,2019
135,Cajamarca,Jun,0.0,0.0,0.0,0.0,2019
136,Callao,Jun,0.0,0.0,0.0,0.0,2019
137,Cusco,Jun,0.0,0.0,0.0,0.0,2019
138,Huancavelica,Jun,0.0,0.0,0.0,0.0,2019
139,Huánuco,Jun,0.0,0.0,0.0,0.0,2019
140,Ica,Jun,0.0,0.0,0.0,0.0,2019
141,Junín,Jun,2.0,35.9,17950.0,1.4337047353760446,2019
142,La Libertad,Jun,1.0,26.6,26600.0,2.4,2019
143,Lambayeque,Jun,0.0,0.0,0.0,0.0,2019
144,Lima,Jun,0.0,0.0,0.0,0.0,2019
145,Lima Metropolitana,Jun,19.0,292.97,15419.473684210529,0.8131696078096733,2019
146,Loreto,Jun,0.0,0.0,0.0,0.0,2019
147,Madre de Dios,Jun,0.0,0.0,0.0,0.0,2019
148,Moquegua,Jun,0.0,0.0,0.0,0.0,2019
149,Pasco,Jun,0.0,0.0,0.0,0.0,2019
150,Piura,Jun,0.0,0.0,0.0,0.0,2019
151,Puno,Jun,0.0,0.0,0.0,0.0,2019
152,San Martín,Jun,0.0,0.0,0.0,0.0,2019
153,Tacna,Jun,1.0,18.0,18000.0,0.7,2019
154,Tumbes,Jun,0.0,0.0,0.0,0.0,2019
155,Ucayali,Jun,0.0,0.0,0.0,0.0,2019
156,Amazonas,Jul,0.5,1.95,3900.0,0.8,2019
157,Áncash,Jul,7.0,63.0,9000.0,1.3,2019
158,Apurímac,Jul,0.0,0.0,0.0,0.0,2019
159,Arequipa,Jul,8.0,141.57,17696.25,0.8993572084481176,2019
160,Ayacucho,Jul,0.0,0.0,0.0,0.0,2019
161,Cajamarca,Jul,0.0,0.0,0.0,0.0,2019
162,Callao,Jul,0.0,0.0,0.0,0.0,2019
163,Cusco,Jul,0.0,0.0,0.0,0.0,2019
164,Huancavelica,Jul,0.0,0.0,0.0,0.0,2019
165,Huánuco,Jul,0.0,0.0,0.0,0.0,2019
166,Ica,Jul,0.0,0.0,0.0,0.0,2019
167,Junín,Jul,6.0,116.4,19400.000000000004,1.7283505154639176,2019
168,La Libertad,Jul,0.5,13.3,26600.0,3.4,2019
169,Lambayeque,Jul,0.0,0.0,0.0,0.0,2019
170,Lima,Jul,0.0,0.0,0.0,0.0,2019
171,Lima Metropolitana,Jul,10.0,162.88,16288.0,0.8718590373280943,2019
172,Loreto,Jul,0.0,0.0,0.0,0.0,2019
173,Madre de Dios,Jul,0.0,0.0,0.0,0.0,2019
174,Moquegua,Jul,0.0,0.0,0.0,0.0,2019
175,Pasco,Jul,0.0,0.0,0.0,0.0,2019
176,Piura,Jul,0.0,0.0,0.0,0.0,2019
177,Puno,Jul,0.0,0.0,0.0,0.0,2019
178,San Martín,Jul,0.0,0.0,0.0,0.0,2019
179,Tacna,Jul,0.0,0.0,0.0,0.0,2019
180,Tumbes,Jul,0.0,0.0,0.0,0.0,2019
181,Ucayali,Jul,0.0,0.0,0.0,0.0,2019
182,Amazonas,Ago,0.0,0.0,0.0,0.0,2019
183,Áncash,Ago,8.0,76.0,9500.0,1.325,2019
184,Apurímac,Ago,0.0,0.0,0.0,0.0,2019
185,Arequipa,Ago,8.0,141.088,17636.0,0.9247285382172828,2019
186,Ayacucho,Ago,0.0,0.0,0.0,0.0,2019
187,Cajamarca,Ago,0.0,0.0,0.0,0.0,2019
188,Callao,Ago,0.0,0.0,0.0,0.0,2019
189,Cusco,Ago,0.0,0.0,0.0,0.0,2019
190,Huancavelica,Ago,0.0,0.0,0.0,0.0,2019
191,Huánuco,Ago,0.0,0.0,0.0,0.0,2019
192,Ica,Ago,0.0,0.0,0.0,0.0,2019
193,Junín,Ago,4.0,82.3,20575.0,1.4928311057108141,2019
194,La Libertad,Ago,1.0,26.5,26500.0,1.5,2019
195,Lambayeque,Ago,0.0,0.0,0.0,0.0,2019
196,Lima,Ago,0.0,0.0,0.0,0.0,2019
197,Lima Metropolitana,Ago,17.0,248.94,14643.529411764704,0.882626335663212,2019
198,Loreto,Ago,0.0,0.0,0.0,0.0,2019
199,Madre de Dios,Ago,0.0,0.0,0.0,0.0,2019
200,Moquegua,Ago,0.0,0.0,0.0,0.0,2019
201,Pasco,Ago,0.0,0.0,0.0,0.0,2019
202,Piura,Ago,0.0,0.0,0.0,0.0,2019
203,Puno,Ago,0.0,0.0,0.0,0.0,2019
204,San Martín,Ago,0.0,0.0,0.0,0.0,2019
205,Tacna,Ago,0.0,0.0,0.0,0.0,2019
206,Tumbes,Ago,0.0,0.0,0.0,0.0,2019
207,Ucayali,Ago,0.0,0.0,0.0,0.0,2019
208,Amazonas,Set,0.0,0.0,0.0,0.0,2019
209,Áncash,Set,8.0,61.0,7625.0,1.3000000000000003,2019
210,Apurímac,Set,0.0,0.0,0.0,0.0,2019
211,Arequipa,Set,8.0,141.53,17691.25,0.9273793542005231,2019
212,Ayacucho,Set,0.0,0.0,0.0,0.0,2019
213,Cajamarca,Set,0.0,0.0,0.0,0.0,2019
214,Callao,Set,0.0,0.0,0.0,0.0,2019
215,Cusco,Set,0.0,0.0,0.0,0.0,2019
216,Huancavelica,Set,0.0,0.0,0.0,0.0,2019
217,Huánuco,Set,0.0,0.0,0.0,0.0,2019
218,Ica,Set,0.0,0.0,0.0,0.0,2019
219,Junín,Set,4.0,85.0,21250.0,1.1764705882352942,2019
220,La Libertad,Set,1.0,26.65,26650.0,1.4,2019
221,Lambayeque,Set,0.0,0.0,0.0,0.0,2019
222,Lima,Set,0.0,0.0,0.0,0.0,2019
223,Lima Metropolitana,Set,14.0,213.03,15216.42857142857,0.8689165845186124,2019
224,Loreto,Set,0.0,0.0,0.0,0.0,2019
225,Madre de Dios,Set,0.0,0.0,0.0,0.0,2019
226,Moquegua,Set,0.0,0.0,0.0,0.0,2019
227,Pasco,Set,0.0,0.0,0.0,0.0,2019
228,Piura,Set,0.0,0.0,0.0,0.0,2019
229,Puno,Set,0.0,0.0,0.0,0.0,2019
230,San Martín,Set,0.0,0.0,0.0,0.0,2019
231,Tacna,Set,2.0,32.0,16000.0,1.09375,2019
232,Tumbes,Set,0.0,0.0,0.0,0.0,2019
233,Ucayali,Set,0.0,0.0,0.0,0.0,2019
234,Amazonas,Oct,0.5,1.875,3750.0,0.9,2019
235,Áncash,Oct,6.0,54.0,9000.0,1.4,2019
236,Apurímac,Oct,0.0,0.0,0.0,0.0,2019
237,Arequipa,Oct,7.0,123.84700000000002,17692.428571428576,0.8565754519689616,2019
238,Ayacucho,Oct,0.0,0.0,0.0,0.0,2019
239,Cajamarca,Oct,0.0,0.0,0.0,0.0,2019
240,Callao,Oct,0.0,0.0,0.0,0.0,2019
241,Cusco,Oct,0.0,0.0,0.0,0.0,2019
242,Huancavelica,Oct,0.0,0.0,0.0,0.0,2019
243,Huánuco,Oct,0.0,0.0,0.0,0.0,2019
244,Ica,Oct,0.0,0.0,0.0,0.0,2019
245,Junín,Oct,4.0,85.7,21425.0,1.4680280046674445,2019
246,La Libertad,Oct,0.5,13.3,26600.0,1.0,2019
247,Lambayeque,Oct,0.0,0.0,0.0,0.0,2019
248,Lima,Oct,0.0,0.0,0.0,0.0,2019
249,Lima Metropolitana,Oct,14.0,210.14,15010.0,0.8671300085657181,2019
250,Loreto,Oct,0.0,0.0,0.0,0.0,2019
251,Madre de Dios,Oct,0.0,0.0,0.0,0.0,2019
252,Moquegua,Oct,0.0,0.0,0.0,0.0,2019
253,Pasco,Oct,0.0,0.0,0.0,0.0,2019
254,Piura,Oct,0.0,0.0,0.0,0.0,2019
255,Puno,Oct,0.0,0.0,0.0,0.0,2019
256,San Martín,Oct,0.0,0.0,0.0,0.0,2019
257,Tacna,Oct,0.0,0.0,0.0,0.0,2019
258,Tumbes,Oct,0.0,0.0,0.0,0.0,2019
259,Ucayali,Oct,0.0,0.0,0.0,0.0,2019
260,Amazonas,Nov,0.0,0.0,0.0,0.0,2019
261,Áncash,Nov,6.0,54.0,9000.0,1.5,2019
262,Apurímac,Nov,0.0,0.0,0.0,0.0,2019
263,Arequipa,Nov,9.0,159.119,17679.88888888889,0.75899785694983,2019
264,Ayacucho,Nov,0.0,0.0,0.0,0.0,2019
265,Cajamarca,Nov,0.0,0.0,0.0,0.0,2019
266,Callao,Nov,0.0,0.0,0.0,0.0,2019
267,Cusco,Nov,0.0,0.0,0.0,0.0,2019
268,Huancavelica,Nov,0.0,0.0,0.0,0.0,2019
269,Huánuco,Nov,0.0,0.0,0.0,0.0,2019
270,Ica,Nov,0.0,0.0,0.0,0.0,2019
271,Junín,Nov,4.0,76.5,19125.0,1.1385620915032681,2019
272,La Libertad,Nov,0.0,0.0,0.0,0.0,2019
273,Lambayeque,Nov,0.0,0.0,0.0,0.0,2019
274,Lima,Nov,0.0,0.0,0.0,0.0,2019
275,Lima Metropolitana,Nov,19.0,282.09000000000003,14846.842105263158,0.8288390230068416,2019
276,Loreto,Nov,0.0,0.0,0.0,0.0,2019
277,Madre de Dios,Nov,0.0,0.0,0.0,0.0,2019
278,Moquegua,Nov,0.0,0.0,0.0,0.0,2019
279,Pasco,Nov,0.0,0.0,0.0,0.0,2019
280,Piura,Nov,0.0,0.0,0.0,0.0,2019
281,Puno,Nov,0.0,0.0,0.0,0.0,2019
282,San Martín,Nov,0.0,0.0,0.0,0.0,2019
283,Tacna,Nov,0.0,0.0,0.0,0.0,2019
284,Tumbes,Nov,0.0,0.0,0.0,0.0,2019
285,Ucayali,Nov,0.0,0.0,0.0,0.0,2019
286,Amazonas,Dic,0.0,0.0,0.0,0.0,2019
287,Áncash,Dic,7.0,61.0,8714.285714285714,1.554098360655738,2019
288,Apurímac,Dic,0.0,0.0,0.0,0.0,2019
289,Arequipa,Dic,9.0,160.12,17791.11111111111,0.7307125905570823,2019
290,Ayacucho,Dic,0.0,0.0,0.0,0.0,2019
291,Cajamarca,Dic,0.0,0.0,0.0,0.0,2019
292,Callao,Dic,0.0,0.0,0.0,0.0,2019
293,Cusco,Dic,0.0,0.0,0.0,0.0,2019
294,Huancavelica,Dic,0.0,0.0,0.0,0.0,2019
295,Huánuco,Dic,0.0,0.0,0.0,0.0,2019
296,Ica,Dic,0.0,0.0,0.0,0.0,2019
297,Junín,Dic,5.0,101.5,20300.0,1.2807881773399015,2019
298,La Libertad,Dic,0.0,0.0,0.0,0.0,2019
299,Lambayeque,Dic,0.0,0.0,0.0,0.0,2019
300,Lima,Dic,0.0,0.0,0.0,0.0,2019
301,Lima Metropolitana,Dic,13.0,210.58,16198.46153846154,0.8326222813182638,2019
302,Loreto,Dic,0.0,0.0,0.0,0.0,2019
303,Madre de Dios,Dic,0.0,0.0,0.0,0.0,2019
304,Moquegua,Dic,0.0,0.0,0.0,0.0,2019
305,Pasco,Dic,0.0,0.0,0.0,0.0,2019
306,Piura,Dic,0.0,0.0,0.0,0.0,2019
307,Puno,Dic,0.0,0.0,0.0,0.0,2019
308,San Martín,Dic,0.0,0.0,0.0,0.0,2019
309,Tacna,Dic,2.0,31.0,15500.0,1.1451612903225807,2019
310,Tumbes,Dic,0.0,0.0,0.0,0.0,2019
311,Ucayali,Dic,0.0,0.0,0.0,0.0,2019
0,Amazonas,Ene,0.0,0.0,0.0,0.0,2019
1,Áncash,Ene,3.0,26.0,8666.666666666666,1.1999999999999997,2019
2,Apurímac,Ene,0.0,0.0,0.0,0.0,2019
3,Arequipa,Ene,11.0,185.2,16836.363636363636,1.445453563714903,2019
4,Ayacucho,Ene,0.0,0.0,0.0,0.0,2019
5,Cajamarca,Ene,0.0,0.0,0.0,0.0,2019
6,Callao,Ene,0.0,0.0,0.0,0.0,2019
7,Cusco,Ene,0.0,0.0,0.0,0.0,2019
8,Huancavelica,Ene,0.0,0.0,0.0,0.0,2019
9,Huánuco,Ene,0.0,0.0,0.0,0.0,2019
10,Ica,Ene,0.0,0.0,0.0,0.0,2019
11,Junín,Ene,6.0,93.9,15650.0,1.5955271565495206,2019
12,La Libertad,Ene,2.0,53.2,26600.0,2.0490601503759396,2019
13,Lambayeque,Ene,0.0,0.0,0.0,0.0,2019
14,Lima,Ene,0.0,0.0,0.0,0.0,2019
15,Lima Metropolitana,Ene,21.0,363.89,17328.095238095237,0.8656236774849542,2019
16,Loreto,Ene,0.0,0.0,0.0,0.0,2019
17,Madre de Dios,Ene,0.0,0.0,0.0,0.0,2019
18,Moquegua,Ene,0.0,0.0,0.0,0.0,2019
19,Pasco,Ene,0.0,0.0,0.0,0.0,2019
20,Piura,Ene,0.0,0.0,0.0,0.0,2019
21,Puno,Ene,0.0,0.0,0.0,0.0,2019
22,San Martín,Ene,0.0,0.0,0.0,0.0,2019
23,Tacna,Ene,0.0,0.0,0.0,0.0,2019
24,Tumbes,Ene,0.0,0.0,0.0,0.0,2019
25,Ucayali,Ene,0.0,0.0,0.0,0.0,2019
26,Amazonas,Feb,0.0,0.0,0.0,0.0,2019
27,Áncash,Feb,3.0,26.0,8666.666666666666,1.1653846153846152,2019
28,Apurímac,Feb,0.0,0.0,0.0,0.0,2019
29,Arequipa,Feb,11.0,187.159,17014.454545454544,1.5820526931646357,2019
30,Ayacucho,Feb,0.0,0.0,0.0,0.0,2019
31,Cajamarca,Feb,0.0,0.0,0.0,0.0,2019
32,Callao,Feb,0.0,0.0,0.0,0.0,2019
33,Cusco,Feb,0.0,0.0,0.0,0.0,2019
34,Huancavelica,Feb,0.0,0.0,0.0,0.0,2019
35,Huánuco,Feb,0.0,0.0,0.0,0.0,2019
36,Ica,Feb,0.0,0.0,0.0,0.0,2019
37,Junín,Feb,3.0,58.0,19333.333333333332,2.0,2019
38,La Libertad,Feb,2.0,53.05,26525.0,1.7511781338360037,2019
39,Lambayeque,Feb,0.0,0.0,0.0,0.0,2019
40,Lima,Feb,0.0,0.0,0.0,0.0,2019
41,Lima Metropolitana,Feb,16.0,267.1,16693.75,0.8469142643204792,2019
42,Loreto,Feb,0.0,0.0,0.0,0.0,2019
43,Madre de Dios,Feb,0.0,0.0,0.0,0.0,2019
44,Moquegua,Feb,0.0,0.0,0.0,0.0,2019
45,Pasco,Feb,0.0,0.0,0.0,0.0,2019
46,Piura,Feb,0.0,0.0,0.0,0.0,2019
47,Puno,Feb,0.0,0.0,0.0,0.0,2019
48,San Martín,Feb,0.0,0.0,0.0,0.0,2019
49,Tacna,Feb,0.0,0.0,0.0,0.0,2019
50,Tumbes,Feb,0.0,0.0,0.0,0.0,2019
51,Ucayali,Feb,0.0,0.0,0.0,0.0,2019
52,Amazonas,Mar,0.5,3.75,7500.0,0.8,2019
53,Áncash,Mar,1.0,10.0,10000.0,1.0,2019
54,Apurímac,Mar,0.0,0.0,0.0,0.0,2019
55,Arequipa,Mar,9.0,157.049,17449.88888888889,1.5546950314869878,2019
56,Ayacucho,Mar,0.0,0.0,0.0,0.0,2019
57,Cajamarca,Mar,0.0,0.0,0.0,0.0,2019
58,Callao,Mar,0.0,0.0,0.0,0.0,2019
59,Cusco,Mar,0.0,0.0,0.0,0.0,2019
60,Huancavelica,Mar,0.0,0.0,0.0,0.0,2019
61,Huánuco,Mar,0.0,0.0,0.0,0.0,2019
62,Ica,Mar,0.0,0.0,0.0,0.0,2019
63,Junín,Mar,7.0,130.6,18657.142857142855,1.4728177641653906,2019
64,La Libertad,Mar,1.0,26.5,26500.0,1.6000000000000003,2019
65,Lambayeque,Mar,0.0,0.0,0.0,0.0,2019
66,Lima,Mar,0.0,0.0,0.0,0.0,2019
67,Lima Metropolitana,Mar,19.0,316.29,16646.842105263157,0.815987226912011,2019
68,Loreto,Mar,0.0,0.0,0.0,0.0,2019
69,Madre de Dios,Mar,0.0,0.0,0.0,0.0,2019
70,Moquegua,Mar,0.0,0.0,0.0,0.0,2019
71,Pasco,Mar,0.0,0.0,0.0,0.0,2019
72,Piura,Mar,0.0,0.0,0.0,0.0,2019
73,Puno,Mar,0.0,0.0,0.0,0.0,2019
74,San Martín,Mar,0.0,0.0,0.0,0.0,2019
75,Tacna,Mar,0.0,0.0,0.0,0.0,2019
76,Tumbes,Mar,0.0,0.0,0.0,0.0,2019
77,Ucayali,Mar,0.0,0.0,0.0,0.0,2019
78,Amazonas,Abr,0.0,0.0,0.0,0.0,2019
79,Áncash,Abr,2.0,17.0,8500.0,1.0,2019
80,Apurímac,Abr,0.0,0.0,0.0,0.0,2019
81,Arequipa,Abr,9.0,156.57000000000002,17396.666666666668,1.5333908156096316,2019
82,Ayacucho,Abr,0.0,0.0,0.0,0.0,2019
83,Cajamarca,Abr,0.0,0.0,0.0,0.0,2019
84,Callao,Abr,0.0,0.0,0.0,0.0,2019
85,Cusco,Abr,0.0,0.0,0.0,0.0,2019
86,Huancavelica,Abr,0.0,0.0,0.0,0.0,2019
87,Huánuco,Abr,0.0,0.0,0.0,0.0,2019
88,Ica,Abr,0.0,0.0,0.0,0.0,2019
89,Junín,Abr,5.0,111.5,22300.0,1.5914798206278027,2019
90,La Libertad,Abr,1.0,26.6,26600.0,3.0000000000000004,2019
91,Lambayeque,Abr,0.0,0.0,0.0,0.0,2019
92,Lima,Abr,0.0,0.0,0.0,0.0,2019
93,Lima Metropolitana,Abr,29.0,402.27,13871.379310344826,0.814793298033659,2019
94,Loreto,Abr,0.0,0.0,0.0,0.0,2019
95,Madre de Dios,Abr,0.0,0.0,0.0,0.0,2019
96,Moquegua,Abr,0.0,0.0,0.0,0.0,2019
97,Pasco,Abr,0.0,0.0,0.0,0.0,2019
98,Piura,Abr,0.0,0.0,0.0,0.0,2019
99,Puno,Abr,0.0,0.0,0.0,0.0,2019
100,San Martín,Abr,0.0,0.0,0.0,0.0,2019
101,Tacna,Abr,0.0,0.0,0.0,0.0,2019
102,Tumbes,Abr,0.0,0.0,0.0,0.0,2019
103,Ucayali,Abr,0.0,0.0,0.0,0.0,2019
104,Amazonas,May,0.0,0.0,0.0,0.0,2019
105,Áncash,May,6.0,51.0,8500.0,1.1294117647058823,2019
106,Apurímac,May,0.0,0.0,0.0,0.0,2019
107,Arequipa,May,12.0,208.3,17358.333333333336,1.500158425348056,2019
108,Ayacucho,May,0.0,0.0,0.0,0.0,2019
109,Cajamarca,May,0.0,0.0,0.0,0.0,2019
110,Callao,May,0.0,0.0,0.0,0.0,2019
111,Cusco,May,0.0,0.0,0.0,0.0,2019
112,Huancavelica,May,0.0,0.0,0.0,0.0,2019
113,Huánuco,May,0.0,0.0,0.0,0.0,2019
114,Ica,May,0.0,0.0,0.0,0.0,2019
115,Junín,May,4.0,83.0,20750.0,1.844578313253012,2019
116,La Libertad,May,1.0,26.4,26400.0,2.8,2019
117,Lambayeque,May,0.0,0.0,0.0,0.0,2019
118,Lima,May,0.0,0.0,0.0,0.0,2019
119,Lima Metropolitana,May,26.0,377.37,14514.23076923077,0.8330476720460026,2019
120,Loreto,May,0.0,0.0,0.0,0.0,2019
121,Madre de Dios,May,0.0,0.0,0.0,0.0,2019
122,Moquegua,May,0.0,0.0,0.0,0.0,2019
123,Pasco,May,0.0,0.0,0.0,0.0,2019
124,Piura,May,0.0,0.0,0.0,0.0,2019
125,Puno,May,0.0,0.0,0.0,0.0,2019
126,San Martín,May,0.0,0.0,0.0,0.0,2019
127,Tacna,May,0.0,0.0,0.0,0.0,2019
128,Tumbes,May,0.0,0.0,0.0,0.0,2019
129,Ucayali,May,0.0,0.0,0.0,0.0,2019
130,Amazonas,Jun,0.0,0.0,0.0,0.0,2019
131,Áncash,Jun,5.0,43.0,8600.0,1.2302325581395348,2019
132,Apurímac,Jun,0.0,0.0,0.0,0.0,2019
133,Arequipa,Jun,14.0,238.45799999999997,17032.714285714286,1.4827827122596016,2019
134,Ayacucho,Jun,0.0,0.0,0.0,0.0,2019
135,Cajamarca,Jun,0.0,0.0,0.0,0.0,2019
136,Callao,Jun,0.0,0.0,0.0,0.0,2019
137,Cusco,Jun,0.0,0.0,0.0,0.0,2019
138,Huancavelica,Jun,0.0,0.0,0.0,0.0,2019
139,Huánuco,Jun,0.0,0.0,0.0,0.0,2019
140,Ica,Jun,0.0,0.0,0.0,0.0,2019
141,Junín,Jun,2.0,46.0,23000.0,2.0543478260869565,2019
142,La Libertad,Jun,2.0,53.2,26600.0,2.5992481203007514,2019
143,Lambayeque,Jun,0.0,0.0,0.0,0.0,2019
144,Lima,Jun,0.0,0.0,0.0,0.0,2019
145,Lima Metropolitana,Jun,12.0,224.68999999999997,18724.166666666664,0.8423975254795496,2019
146,Loreto,Jun,0.0,0.0,0.0,0.0,2019
147,Madre de Dios,Jun,0.0,0.0,0.0,0.0,2019
148,Moquegua,Jun,0.0,0.0,0.0,0.0,2019
149,Pasco,Jun,0.0,0.0,0.0,0.0,2019
150,Piura,Jun,0.0,0.0,0.0,0.0,2019
151,Puno,Jun,0.0,0.0,0.0,0.0,2019
152,San Martín,Jun,0.0,0.0,0.0,0.0,2019
153,Tacna,Jun,0.0,0.0,0.0,0.0,2019
154,Tumbes,Jun,0.0,0.0,0.0,0.0,2019
155,Ucayali,Jun,0.0,0.0,0.0,0.0,2019
156,Amazonas,Jul,0.0,0.0,0.0,0.0,2019
157,Áncash,Jul,4.0,34.0,8500.0,1.25,2019
158,Apurímac,Jul,0.0,0.0,0.0,0.0,2019
159,Arequipa,Jul,10.0,171.339,17133.9,1.521535085415463,2019
160,Ayacucho,Jul,0.0,0.0,0.0,0.0,2019
161,Cajamarca,Jul,0.0,0.0,0.0,0.0,2019
162,Callao,Jul,0.0,0.0,0.0,0.0,2019
163,Cusco,Jul,0.0,0.0,0.0,0.0,2019
164,Huancavelica,Jul,0.0,0.0,0.0,0.0,2019
165,Huánuco,Jul,0.0,0.0,0.0,0.0,2019
166,Ica,Jul,0.0,0.0,0.0,0.0,2019
167,Junín,Jul,4.0,67.0,16750.0,1.9402985074626866,2019
168,La Libertad,Jul,1.0,26.65,26650.0,2.0,2019
169,Lambayeque,Jul,0.0,0.0,0.0,0.0,2019
170,Lima,Jul,0.0,0.0,0.0,0.0,2019
171,Lima Metropolitana,Jul,19.0,290.03000000000003,15264.736842105265,0.9148501879115952,2019
172,Loreto,Jul,0.0,0.0,0.0,0.0,2019
173,Madre de Dios,Jul,0.0,0.0,0.0,0.0,2019
174,Moquegua,Jul,0.0,0.0,0.0,0.0,2019
175,Pasco,Jul,0.0,0.0,0.0,0.0,2019
176,Piura,Jul,0.0,0.0,0.0,0.0,2019
177,Puno,Jul,0.0,0.0,0.0,0.0,2019
178,San Martín,Jul,0.0,0.0,0.0,0.0,2019
179,Tacna,Jul,0.0,0.0,0.0,0.0,2019
180,Tumbes,Jul,0.0,0.0,0.0,0.0,2019
181,Ucayali,Jul,0.0,0.0,0.0,0.0,2019
182,Amazonas,Ago,0.5,1.89,3780.0,0.79,2019
183,Áncash,Ago,6.0,51.0,8500.0,1.1509803921568629,2019
184,Apurímac,Ago,0.0,0.0,0.0,0.0,2019
185,Arequipa,Ago,8.0,138.449,17306.125,1.5144847561195818,2019
186,Ayacucho,Ago,0.0,0.0,0.0,0.0,2019
187,Cajamarca,Ago,0.0,0.0,0.0,0.0,2019
188,Callao,Ago,0.0,0.0,0.0,0.0,2019
189,Cusco,Ago,0.0,0.0,0.0,0.0,2019
190,Huancavelica,Ago,0.0,0.0,0.0,0.0,2019
191,Huánuco,Ago,0.0,0.0,0.0,0.0,2019
192,Ica,Ago,0.0,0.0,0.0,0.0,2019
193,Junín,Ago,4.0,91.0,22750.0,1.6890109890109888,2019
194,La Libertad,Ago,1.0,26.45,26450.0,3.0,2019
195,Lambayeque,Ago,0.0,0.0,0.0,0.0,2019
196,Lima,Ago,0.0,0.0,0.0,0.0,2019
197,Lima Metropolitana,Ago,24.0,341.11,14212.916666666666,0.8651602122482485,2019
198,Loreto,Ago,0.0,0.0,0.0,0.0,2019
199,Madre de Dios,Ago,0.0,0.0,0.0,0.0,2019
200,Moquegua,Ago,0.0,0.0,0.0,0.0,2019
201,Pasco,Ago,0.0,0.0,0.0,0.0,2019
202,Piura,Ago,0.0,0.0,0.0,0.0,2019
203,Puno,Ago,0.0,0.0,0.0,0.0,2019
204,San Martín,Ago,0.0,0.0,0.0,0.0,2019
205,Tacna,Ago,0.0,0.0,0.0,0.0,2019
206,Tumbes,Ago,0.0,0.0,0.0,0.0,2019
207,Ucayali,Ago,0.0,0.0,0.0,0.0,2019
208,Amazonas,Set,0.5,1.877,3754.0,0.78,2019
209,Áncash,Set,5.0,42.0,8400.0,1.0809523809523809,2019
210,Apurímac,Set,0.0,0.0,0.0,0.0,2019
211,Arequipa,Set,6.0,103.28999999999999,17215.0,1.4834059444283085,2019
212,Ayacucho,Set,0.0,0.0,0.0,0.0,2019
213,Cajamarca,Set,0.0,0.0,0.0,0.0,2019
214,Callao,Set,0.0,0.0,0.0,0.0,2019
215,Cusco,Set,0.0,0.0,0.0,0.0,2019
216,Huancavelica,Set,0.0,0.0,0.0,0.0,2019
217,Huánuco,Set,0.0,0.0,0.0,0.0,2019
218,Ica,Set,0.0,0.0,0.0,0.0,2019
219,Junín,Set,4.0,75.8,18950.0,1.3865435356200528,2019
220,La Libertad,Set,3.0,79.6,26533.333333333332,2.865829145728644,2019
221,Lambayeque,Set,0.0,0.0,0.0,0.0,2019
222,Lima,Set,0.0,0.0,0.0,0.0,2019
223,Lima Metropolitana,Set,9.0,154.7,17188.888888888887,0.8160517129928896,2019
224,Loreto,Set,0.0,0.0,0.0,0.0,2019
225,Madre de Dios,Set,0.0,0.0,0.0,0.0,2019
226,Moquegua,Set,0.0,0.0,0.0,0.0,2019
227,Pasco,Set,0.0,0.0,0.0,0.0,2019
228,Piura,Set,0.0,0.0,0.0,0.0,2019
229,Puno,Set,0.0,0.0,0.0,0.0,2019
230,San Martín,Set,0.0,0.0,0.0,0.0,2019
231,Tacna,Set,0.0,0.0,0.0,0.0,2019
232,Tumbes,Set,0.0,0.0,0.0,0.0,2019
233,Ucayali,Set,0.0,0.0,0.0,0.0,2019
234,Amazonas,Oct,0.0,0.0,0.0,0.0,2019
235,Áncash,Oct,4.0,34.0,8500.0,1.0999999999999999,2019
236,Apurímac,Oct,0.0,0.0,0.0,0.0,2019
237,Arequipa,Oct,5.0,86.77,17354.0,1.3803964503860782,2019
238,Ayacucho,Oct,0.0,0.0,0.0,0.0,2019
239,Cajamarca,Oct,0.0,0.0,0.0,0.0,2019
240,Callao,Oct,0.0,0.0,0.0,0.0,2019
241,Cusco,Oct,0.0,0.0,0.0,0.0,2019
242,Huancavelica,Oct,0.0,0.0,0.0,0.0,2019
243,Huánuco,Oct,0.0,0.0,0.0,0.0,2019
244,Ica,Oct,0.0,0.0,0.0,0.0,2019
245,Junín,Oct,4.0,84.0,21000.0,1.3904761904761904,2019
246,La Libertad,Oct,2.0,52.8,26400.0,2.9999999999999996,2019
247,Lambayeque,Oct,0.0,0.0,0.0,0.0,2019
248,Lima,Oct,0.0,0.0,0.0,0.0,2019
249,Lima Metropolitana,Oct,20.0,301.46999999999997,15073.5,0.8769801306929381,2019
250,Loreto,Oct,0.0,0.0,0.0,0.0,2019
251,Madre de Dios,Oct,0.0,0.0,0.0,0.0,2019
252,Moquegua,Oct,0.0,0.0,0.0,0.0,2019
253,Pasco,Oct,0.0,0.0,0.0,0.0,2019
254,Piura,Oct,0.0,0.0,0.0,0.0,2019
255,Puno,Oct,0.0,0.0,0.0,0.0,2019
256,San Martín,Oct,0.0,0.0,0.0,0.0,2019
257,Tacna,Oct,0.0,0.0,0.0,0.0,2019
258,Tumbes,Oct,0.0,0.0,0.0,0.0,2019
259,Ucayali,Oct,0.0,0.0,0.0,0.0,2019
260,Amazonas,Nov,0.0,0.0,0.0,0.0,2019
261,Áncash,Nov,5.0,40.0,8000.0,1.09375,2019
262,Apurímac,Nov,0.0,0.0,0.0,0.0,2019
263,Arequipa,Nov,12.0,206.21900000000002,17184.91666666667,1.3836819109781346,2019
264,Ayacucho,Nov,0.0,0.0,0.0,0.0,2019
265,Cajamarca,Nov,0.0,0.0,0.0,0.0,2019
266,Callao,Nov,0.0,0.0,0.0,0.0,2019
267,Cusco,Nov,0.0,0.0,0.0,0.0,2019
268,Huancavelica,Nov,0.0,0.0,0.0,0.0,2019
269,Huánuco,Nov,0.0,0.0,0.0,0.0,2019
270,Ica,Nov,0.0,0.0,0.0,0.0,2019
271,Junín,Nov,7.0,141.29999999999998,20185.714285714283,1.2668082094833686,2019
272,La Libertad,Nov,3.5,92.85000000000001,26528.57142857143,1.255896607431341,2019
273,Lambayeque,Nov,0.0,0.0,0.0,0.0,2019
274,Lima,Nov,0.0,0.0,0.0,0.0,2019
275,Lima Metropolitana,Nov,20.0,322.27,16113.499999999998,0.8387721475781178,2019
276,Loreto,Nov,0.0,0.0,0.0,0.0,2019
277,Madre de Dios,Nov,0.0,0.0,0.0,0.0,2019
278,Moquegua,Nov,0.0,0.0,0.0,0.0,2019
279,Pasco,Nov,0.0,0.0,0.0,0.0,2019
280,Piura,Nov,0.0,0.0,0.0,0.0,2019
281,Puno,Nov,0.0,0.0,0.0,0.0,2019
282,San Martín,Nov,0.0,0.0,0.0,0.0,2019
283,Tacna,Nov,0.0,0.0,0.0,0.0,2019
284,Tumbes,Nov,0.0,0.0,0.0,0.0,2019
285,Ucayali,Nov,0.0,0.0,0.0,0.0,2019
286,Amazonas,Dic,0.0,0.0,0.0,0.0,2019
287,Áncash,Dic,3.0,28.0,9333.333333333334,1.1,2019
288,Apurímac,Dic,0.0,0.0,0.0,0.0,2019
289,Arequipa,Dic,10.0,175.169,17516.9,1.359850201805114,2019
290,Ayacucho,Dic,0.0,0.0,0.0,0.0,2019
291,Cajamarca,Dic,0.0,0.0,0.0,0.0,2019
292,Callao,Dic,0.0,0.0,0.0,0.0,2019
293,Cusco,Dic,0.0,0.0,0.0,0.0,2019
294,Huancavelica,Dic,0.0,0.0,0.0,0.0,2019
295,Huánuco,Dic,0.0,0.0,0.0,0.0,2019
296,Ica,Dic,0.0,0.0,0.0,0.0,2019
297,Junín,Dic,4.0,93.5,23375.0,1.4973262032085561,2019
298,La Libertad,Dic,2.5,65.7,26280.0,0.8602739726027397,2019
299,Lambayeque,Dic,0.0,0.0,0.0,0.0,2019
300,Lima,Dic,0.0,0.0,0.0,0.0,2019
301,Lima Metropolitana,Dic,16.0,271.69,16980.625,0.8347145643932423,2019
302,Loreto,Dic,0.0,0.0,0.0,0.0,2019
303,Madre de Dios,Dic,0.0,0.0,0.0,0.0,2019
304,Moquegua,Dic,0.0,0.0,0.0,0.0,2019
305,Pasco,Dic,0.0,0.0,0.0,0.0,2019
306,Piura,Dic,0.0,0.0,0.0,0.0,2019
307,Puno,Dic,0.0,0.0,0.0,0.0,2019
308,San Martín,Dic,0.0,0.0,0.0,0.0,2019
309,Tacna,Dic,1.0,12.0,12000.0,1.3999999999999997,2019
310,Tumbes,Dic,0.0,0.0,0.0,0.0,2019
311,Ucayali,Dic,0.0,0.0,0.0,0.0,2019
